dataset: /root/datasets/tum/rgbd_dataset_freiburg1_desk
read total 574 entries
Key frame size = 0
VO costs time: 0.141392
good matches: 172
pnp inliers: 172
Translation:
-0.00193862  0.00596079  0.00957752
Rotation matrix:
  0.999544  0.0262797  -0.014849
-0.0264424   0.999591 -0.0108689
 0.0145573  0.0112566   0.999831
T_c_r_estimated_.log() -0.00194695
 0.00598814
 0.00955877
  0.0110647
 -0.0147057
 -0.0263656
VO costs time: 0.2535
good matches: 222
pnp inliers: 222
Translation:
-0.0279298 0.00830091  0.0350356
Rotation matrix:
  0.999533  0.0286525  0.0106438
-0.0285677    0.99956 -0.0080403
-0.0108694 0.00773247   0.999911
T_c_r_estimated_.log() -0.0282355
0.00803778
 0.0348524
0.00788769
 0.0107584
-0.0286149
VO costs time: 0.119254
good matches: 202
pnp inliers: 202
Translation:
 -0.0255369 -0.00332277    0.011199
Rotation matrix:
   0.999439   0.0328583  0.00649846
 -0.0329075    0.999429  0.00762322
-0.00624427 -0.00783279     0.99995
T_c_r_estimated_.log()  -0.0255153
-0.00378577
  0.0111042
-0.00772953
 0.00637262
 -0.0328894
VO costs time: 0.168365
good matches: 256
pnp inliers: 256
Translation:
 0.0435593 -0.0419791 -0.0206395
Rotation matrix:
   0.998481 0.000307865  -0.0550969
 0.00198044    0.999138    0.041473
  0.0550622  -0.0415191    0.997619
T_c_r_estimated_.log()   0.0429539
 -0.0415543
 -0.0227035
  -0.041529
 -0.0551233
0.000836953
VO costs time: 0.078806
good matches: 279
pnp inliers: 279
Translation:
  0.0136316  -0.0275335 -0.00365001
Rotation matrix:
  0.999552  0.0202362 -0.0220305
-0.0195274   0.999299  0.0319278
 0.0226612 -0.0314833   0.999247
T_c_r_estimated_.log()   0.0138618
 -0.0273361
-0.00423883
 -0.0317156
 -0.0223529
 -0.0198881
VO costs time: 0.095849
good matches: 291
pnp inliers: 291
Translation:
  -0.0110947 -0.000270826    0.0109097
Rotation matrix:
   0.999946   0.0101711  0.00230302
 -0.0101957    0.999888   0.0109534
-0.00219135  -0.0109763    0.999937
T_c_r_estimated_.log()   -0.0111053
-0.000387125
   0.0108955
  -0.0109653
  0.00224727
  -0.0101838
VO costs time: 0.105747
good matches: 294
pnp inliers: 294
Translation:
-0.00748781  0.00903207   0.0271504
Rotation matrix:
   0.999996  0.00112446 -0.00272784
-0.00111011    0.999986  0.00525632
 0.00273371 -0.00525327    0.999982
T_c_r_estimated_.log() -0.00745575
 0.00895652
  0.0271842
-0.00525483
-0.00273079
-0.00111729
VO costs time: 0.109483
good matches: 227
pnp inliers: 225
Translation:
 -0.0281583  -0.0499664 -0.00935212
Rotation matrix:
  0.998977  0.0355011  0.0279951
 -0.036804   0.998194  0.0474878
-0.0262586 -0.0484696   0.998479
T_c_r_estimated_.log() -0.0271186
-0.0502324
-0.0109315
-0.0480135
 0.0271466
-0.0361788
VO costs time: 0.053871
good matches: 259
pnp inliers: 259
Translation:
 0.00782902 -0.00856349   0.0177455
Rotation matrix:
    0.99998 -0.00439022  0.00455161
 0.00431884    0.999869   0.0155756
 -0.0046194  -0.0155556    0.999868
T_c_r_estimated_.log()  0.00776961
-0.00871848
  0.0176963
 -0.0155664
 0.00458572
 0.00435473
VO costs time: 0.413411
good matches: 263
pnp inliers: 263
Translation:
0.00187117 -0.0163963  0.0103833
Rotation matrix:
   0.999892 -0.00881907   0.0117289
 0.00857732    0.999753   0.0205042
 -0.0119068  -0.0204014    0.999721
T_c_r_estimated_.log() 0.00173863
-0.0165099
  0.010226
 -0.020455
 0.0118191
0.00869912
VO costs time: 0.209742
good matches: 230
pnp inliers: 230
Translation:
-0.00486007  -0.0423246  -0.0122073
Rotation matrix:
   0.999767   0.0081532   0.0199728
-0.00884537    0.999355   0.0348165
 -0.0196761   -0.034985    0.999194
T_c_r_estimated_.log() -0.00455679
 -0.0421271
 -0.0129922
 -0.0349105
    0.01983
-0.00850167
VO costs time: 0.148315
good matches: 206
pnp inliers: 206
Translation:
  0.0122414 -0.00161683   0.0267078
Rotation matrix:
   0.999842  -0.0108207    0.014131
   0.010703    0.999908  0.00837426
 -0.0142203 -0.00822169    0.999865
T_c_r_estimated_.log()   0.0120429
-0.00179328
  0.0267871
-0.00829851
  0.0141766
  0.0107625
VO costs time: 0.227669
good matches: 224
pnp inliers: 224
Translation:
-0.0107829 -0.0312697 0.00675287
Rotation matrix:
   0.999483 -0.00210454   0.0320791
 0.00120944     0.99961    0.027897
 -0.0321253  -0.0278438    0.999096
T_c_r_estimated_.log()  -0.010914
-0.0313521
0.00614275
-0.0278788
 0.0321119
0.00165749
VO costs time: 0.090931
good matches: 245
pnp inliers: 245
Translation:
-0.0177153 -0.0187764  0.0320509
Rotation matrix:
   0.999526 -0.00185672   0.0307199
 0.00161111    0.999967  0.00801819
 -0.0307338  -0.0079649    0.999496
T_c_r_estimated_.log()  -0.0182223
 -0.0188885
  0.0317009
-0.00799289
   0.030732
 0.00173421
VO costs time: 0.095055
good matches: 209
pnp inliers: 208
Translation:
 0.0115788 0.00109536 -0.0094675
Rotation matrix:
     0.99964   0.00403262     0.026541
 -0.00403947     0.999992  0.000204454
  -0.0265399 -0.000311591     0.999648
T_c_r_estimated_.log()    0.0117015
  0.00112003
 -0.00931314
-0.000258054
   0.0265436
 -0.00403653
VO costs time: 0.330703
good matches: 244
pnp inliers: 244
Translation:
-0.00285584  0.00767315  0.00414813
Rotation matrix:
    0.99896 -0.00548354   0.0452563
 0.00598235    0.999923  -0.0108938
 -0.0451931   0.0111532    0.998916
T_c_r_estimated_.log() -0.00292684
 0.00770409
 0.00404062
  0.0110276
  0.0452413
 0.00573505
VO costs time: 0.618374
good matches: 244
pnp inliers: 244
Translation:
 0.0171897 0.00694122 0.00857823
Rotation matrix:
   0.999406 -0.00575617   0.0339668
 0.00623166    0.999884  -0.0139093
 -0.0338828   0.0141127    0.999326
T_c_r_estimated_.log()  0.0170636
0.00695049
0.00882051
 0.0140143
 0.0339326
 0.0059953
VO costs time: 0.09581
good matches: 233
pnp inliers: 231
Translation:
  0.016535 0.00177415 0.00721339
Rotation matrix:
   0.999338 -0.00760577   0.0355832
 0.00796464    0.999919 -0.00995468
 -0.0355046   0.0102315    0.999317
T_c_r_estimated_.log()  0.0164119
0.00174682
0.00749769
 0.0100955
 0.0355524
0.00778706
VO costs time: 0.154956
good matches: 258
pnp inliers: 258
Translation:
0.00825796 0.00648047  -0.003226
Rotation matrix:
   0.999505  -0.0158375   0.0271673
  0.0160882     0.99983 -0.00903676
 -0.0270196  0.00946936     0.99959
T_c_r_estimated_.log()  0.00835282
 0.00639949
-0.00314354
 0.00925472
  0.0270983
  0.0159657
VO costs time: 0.077035
good matches: 294
pnp inliers: 294
Translation:
  0.0298403   0.0135716 -0.00328798
Rotation matrix:
   0.999737   -0.016507   0.0159083
  0.0166149     0.99984 -0.00667467
 -0.0157955  0.00693723    0.999851
T_c_r_estimated_.log()   0.0299775
  0.0133131
-0.00309697
  0.0068066
  0.0158534
  0.0165625
VO costs time: 0.046958
good matches: 274
pnp inliers: 274
Translation:
0.00751641  0.0148079  0.0380874
Rotation matrix:
  0.999296 -0.0198985  0.0317996
 0.0202278   0.999745  -0.010066
-0.0315911  0.0107021   0.999444
T_c_r_estimated_.log() 0.00706143
 0.0149319
  0.038127
 0.0103867
 0.0317034
 0.0200682
VO costs time: 0.103077
good matches: 239
pnp inliers: 238
Translation:
   0.0184011 -0.000481658  -0.00602354
Rotation matrix:
    0.999509   -0.0230456    0.0212099
   0.0230286     0.999734   0.00104646
  -0.0212284 -0.000557515     0.999774
T_c_r_estimated_.log()     0.018458
-0.000691481
 -0.00582829
-0.000802121
   0.0212226
   0.0230409
VO costs time: 0.088228
good matches: 270
pnp inliers: 269
Translation:
0.0227527 0.0326194 0.0260003
Rotation matrix:
  0.999068 -0.0294312   0.031588
 0.0300299   0.999375 -0.0186505
-0.0310193  0.0195817   0.999327
T_c_r_estimated_.log()   0.02283
0.0325294
0.0260453
0.0191232
0.0313153
0.0297416
VO costs time: 0.175217
good matches: 212
pnp inliers: 212
Translation:
-0.00188704   -0.012134  0.00765372
Rotation matrix:
   0.998824  -0.0212255   0.0435893
  0.0208596    0.999743  0.00883227
 -0.0437656 -0.00791263     0.99901
T_c_r_estimated_.log() -0.00218134
  -0.012145
 0.00755951
-0.00837583
  0.0436951
  0.0210511
VO costs time: 0.051103
good matches: 235
pnp inliers: 235
Translation:
  0.0228701 -0.00448092 -0.00164273
Rotation matrix:
    0.99928  -0.0253694   0.0282142
   0.025448    0.999673 -0.00243189
 -0.0281432  0.00314813    0.999599
T_c_r_estimated_.log()   0.0228335
-0.00477353
 -0.0013142
 0.00279068
  0.0281855
  0.0254148
VO costs time: 0.051165
good matches: 180
pnp inliers: 179
Translation:
0.0107007 0.0299479 -0.013084
Rotation matrix:
  0.998796 -0.0330395  0.0362615
 0.0337611    0.99924 -0.0194705
-0.0355906  0.0206713   0.999153
T_c_r_estimated_.log()  0.0114351
 0.0296333
-0.0131869
 0.0200803
 0.0359429
  0.033416
VO costs time: 0.106692
good matches: 166
pnp inliers: 166
Translation:
 0.0215923 -0.0313257 -0.0174183
Rotation matrix:
  0.999164  -0.032311  0.0250504
 0.0314304   0.998901  0.0347822
-0.0261468 -0.0339658   0.999081
T_c_r_estimated_.log()  0.0213168
-0.0313675
-0.0176819
-0.0343904
 0.0256108
 0.0318859
VO costs time: 0.111162
good matches: 252
pnp inliers: 252
Translation:
  0.0112162   0.0025628 -0.00318619
Rotation matrix:
    0.99938   -0.030041    0.018343
  0.0301733     0.99952 -0.00697953
 -0.0181245  0.00752867    0.999807
T_c_r_estimated_.log()   0.0112827
 0.00238213
-0.00309279
 0.00725566
  0.0182377
  0.0301136
VO costs time: 0.09401
good matches: 161
pnp inliers: 161
Translation:
  0.0025131    0.044184 -0.00359843
Rotation matrix:
  0.999266  -0.024558  0.0294151
 0.0254229   0.999244 -0.0293997
-0.0286708  0.0301259   0.999135
T_c_r_estimated_.log()  0.00312033
  0.0440934
-0.00421636
  0.0297745
  0.0290543
  0.0250003
VO costs time: 0.077467
good matches: 242
pnp inliers: 242
Translation:
 0.0527558 -0.0144352 0.00579108
Rotation matrix:
   0.999409  -0.0336702 -0.00693663
  0.0338198     0.99917   0.0227101
 0.00616621  -0.0229313    0.999718
T_c_r_estimated_.log()   0.0525254
 -0.0153892
 0.00545006
 -0.0228272
-0.00655328
  0.0337546
VO costs time: 0.065924
good matches: 256
pnp inliers: 256
Translation:
 0.0038776  0.0123014 0.00491381
Rotation matrix:
  0.999529 -0.0233636  0.0199171
 0.0235897   0.999659 -0.0111975
-0.0196487   0.011662   0.999739
T_c_r_estimated_.log() 0.00397345
 0.0122836
0.00488221
 0.0114318
 0.0197864
 0.0234809
VO costs time: 0.048327
good matches: 243
pnp inliers: 243
Translation:
-0.00519196  -0.0186531  -0.0228814
Rotation matrix:
  0.998886 -0.0138532  0.0451084
 0.0132662   0.999824  0.0132861
-0.0452845 -0.0126728   0.998894
T_c_r_estimated_.log() -0.00479898
 -0.0184697
 -0.0231165
 -0.0129846
  0.0452145
  0.0135651
VO costs time: 0.115107
good matches: 150
pnp inliers: 150
Translation:
  0.00595242 -0.000688075    0.0112589
Rotation matrix:
   0.999256  -0.0312114   0.0226501
  0.0311422    0.999509  0.00340211
 -0.0227452 -0.00269421    0.999738
T_c_r_estimated_.log()   0.00581306
-0.000797364
   0.0113248
 -0.00304892
   0.0227033
   0.0311846
VO costs time: 0.103535
good matches: 292
pnp inliers: 292
Translation:
0.00497782 0.00934413 0.00879029
Rotation matrix:
   0.998468  -0.0528383   0.0163989
  0.0529347    0.998583 -0.00549697
 -0.0160852  0.00635662     0.99985
T_c_r_estimated_.log() 0.00515264
0.00923695
0.00880361
0.00592986
 0.0162504
 0.0529138
VO costs time: 0.092659
good matches: 288
pnp inliers: 288
Translation:
-0.00426138 -0.00173369  0.00108893
Rotation matrix:
   0.999441  -0.0218724   0.0252747
  0.0220785    0.999725 -0.00790243
 -0.0250949  0.00845604    0.999649
T_c_r_estimated_.log() -0.00429376
-0.00168235
 0.00104214
 0.00818085
  0.0251898
  0.0219798
VO costs time: 0.07401
good matches: 259
pnp inliers: 259
Translation:
  0.0168764  -0.0135484 -0.00711788
Rotation matrix:
    0.999601   -0.0257615    0.0115499
   0.0257555     0.999668  0.000664236
  -0.0115632 -0.000366498     0.999933
T_c_r_estimated_.log()    0.0167419
  -0.0137634
 -0.00702412
-0.000515435
   0.0115581
   0.0257619
VO costs time: 0.062474
good matches: 227
pnp inliers: 227
Translation:
0.00576433  0.0030407  0.0147594
Rotation matrix:
  0.999076 -0.0327958  0.0277872
 0.0330896   0.999401 -0.0101813
-0.0274367  0.0110914   0.999562
T_c_r_estimated_.log() 0.00561021
 0.0030252
 0.0148222
 0.0106399
  0.027621
 0.0329535
VO costs time: 0.130949
good matches: 270
pnp inliers: 270
Translation:
0.00386725  0.0047662  0.0121092
Rotation matrix:
   0.999363  -0.0215925   0.0284187
  0.0218048    0.999736 -0.00718061
 -0.0282561   0.0077957     0.99957
T_c_r_estimated_.log()  0.0037472
0.00477006
 0.0121456
0.00748981
 0.0283437
 0.0217035
VO costs time: 0.115475
good matches: 263
pnp inliers: 263
Translation:
  0.00280992  -0.00818417 -0.000772104
Rotation matrix:
   0.999285   -0.017653   0.0334308
  0.0177426     0.99984 -0.00238399
 -0.0333834  0.00297544    0.999438
T_c_r_estimated_.log()   0.00274998
 -0.00820988
-0.000714509
  0.00268036
   0.0334151
    0.017702
VO costs time: 0.110383
good matches: 260
pnp inliers: 260
Translation:
-0.00716256 -0.00665469   0.0118061
Rotation matrix:
   0.999074  0.00529623   0.0426886
-0.00501035    0.999964 -0.00680115
 -0.0427231  0.00658097    0.999065
T_c_r_estimated_.log() -0.00739667
-0.00663398
  0.0116737
 0.00669318
  0.0427193
-0.00515492
VO costs time: 0.091364
good matches: 213
pnp inliers: 213
Translation:
-0.0137437 -0.0264853 -0.0295468
Rotation matrix:
   0.998954 0.000551386   0.0457202
-0.00112834     0.99992   0.0125943
 -0.0457096  -0.0126327    0.998875
T_c_r_estimated_.log()   -0.0130533
  -0.0263035
  -0.0300225
  -0.0126182
   0.0457321
-0.000840176
VO costs time: 0.075676
good matches: 216
pnp inliers: 216
Translation:
-0.00669687  -0.0135539 -0.00517724
Rotation matrix:
     0.99973    0.0116953    0.0200766
  -0.0117012     0.999932  0.000175567
  -0.0200732 -0.000410439     0.999798
T_c_r_estimated_.log()  -0.00656531
  -0.0135921
 -0.00524601
-0.000293029
   0.0200767
  -0.0116993
VO costs time: 0.069317
good matches: 346
pnp inliers: 346
Translation:
 0.0142948 -0.0244646 -0.0207276
Rotation matrix:
  0.999933 -0.0100012 -0.0057864
 0.0100679   0.999882  0.0116155
0.00566955  -0.011673   0.999916
T_c_r_estimated_.log()   0.0141126
  -0.024415
 -0.0209107
 -0.0116448
-0.00572823
   0.010035
VO costs time: 0.133353
good matches: 270
pnp inliers: 270
Translation:
-0.0117089 -0.0159932  -0.016836
Rotation matrix:
    0.999659    0.0215265    0.0147793
  -0.0215238     0.999768 -0.000345739
  -0.0147833  2.75146e-05     0.999891
T_c_r_estimated_.log()  -0.0114117
 -0.0161198
 -0.0169203
0.000186648
   0.014783
 -0.0215276
VO costs time: 0.114242
good matches: 280
pnp inliers: 280
Translation:
0.0106637 0.0265133 0.0326387
Rotation matrix:
  0.999413   0.031432 -0.0136043
-0.0319433   0.998722 -0.0391575
 0.0123561   0.039569    0.99914
T_c_r_estimated_.log()  0.0104498
   0.02732
 0.0320425
 0.0393811
-0.0129861
-0.0317021
VO costs time: 0.107399
good matches: 333
pnp inliers: 333
Translation:
-0.000909667  -0.00641715  0.000299731
Rotation matrix:
   0.999801   0.0186912 -0.00692446
 -0.0187492    0.999789 -0.00840329
 0.00676593  0.00853145    0.999941
T_c_r_estimated_.log() -0.000848514
 -0.00642416
 0.000329956
  0.00846803
 -0.00684573
  -0.0187216
VO costs time: 0.09951
good matches: 330
pnp inliers: 330
Translation:
 0.00525795 -0.00417931   0.0119087
Rotation matrix:
   0.999848  0.00747718  -0.0157293
-0.00758734    0.999947 -0.00695514
  0.0156764  0.00707343    0.999852
T_c_r_estimated_.log()  0.00536705
-0.00411763
  0.0118817
  0.0070147
 -0.0157038
 -0.0075327
VO costs time: 0.073732
good matches: 318
pnp inliers: 318
Translation:
  0.0109496 -0.00681742   0.0091835
Rotation matrix:
   0.999634   0.0198695  -0.0183385
 -0.0199758    0.999785 -0.00563491
  0.0182226  0.00599918    0.999816
T_c_r_estimated_.log()  0.0111008
-0.0066812
0.00910264
0.00581779
-0.0182829
-0.0199252
VO costs time: 0.075339
good matches: 271
pnp inliers: 271
Translation:
 -0.0155327  -0.0111035 -0.00264146
Rotation matrix:
   0.999147   0.0396414   0.0115369
 -0.0396246    0.999213 -0.00168224
 -0.0115945  0.00122366    0.999932
T_c_r_estimated_.log()  -0.0152951
 -0.0114118
-0.00272271
 0.00145337
   0.011569
 -0.0396443
VO costs time: 0.131173
good matches: 290
pnp inliers: 290
Translation:
0.00243152 -0.0202252  -0.004182
Rotation matrix:
   0.999932   0.0112311  0.00302406
 -0.0112569    0.999899  0.00863754
-0.00292674   -0.008671    0.999958
T_c_r_estimated_.log()  0.00255144
 -0.0201931
 -0.0042658
-0.00865457
  0.0029755
 -0.0112444
VO costs time: 0.11772
good matches: 290
pnp inliers: 290
Translation:
   0.003749 -0.00677345 0.000837662
Rotation matrix:
   0.999974  0.00659277  -0.0030871
-0.00659702    0.999977 -0.00136864
 0.00307801  0.00138897    0.999994
T_c_r_estimated_.log()  0.00377261
-0.00676049
0.000836538
 0.00137882
-0.00308258
-0.00659495
VO costs time: 0.110281
good matches: 298
pnp inliers: 298
Translation:
 0.0118829 -0.0137253 -0.0149825
Rotation matrix:
   0.999954  0.00643082 -0.00705993
-0.00636497    0.999936  0.00931073
 0.00711935 -0.00926537    0.999932
T_c_r_estimated_.log()   0.0118734
 -0.0136176
 -0.0150882
-0.00928833
-0.00708985
-0.00639809
VO costs time: 0.094827
good matches: 282
pnp inliers: 282
Translation:
 0.0104346 -0.0135729 -0.0114092
Rotation matrix:
   0.999913 -0.00892006 -0.00971354
 0.00899967    0.999926  0.00818323
 0.00963982 -0.00826994    0.999919
T_c_r_estimated_.log()   0.0103184
 -0.0135724
 -0.0115153
-0.00822692
-0.00967707
 0.00896022
VO costs time: 0.074655
good matches: 283
pnp inliers: 283
Translation:
 0.0102158 -0.0102644 -0.0263239
Rotation matrix:
   0.999883   0.0136988 -0.00678784
 -0.0136819    0.999903  0.00253162
 0.00682187 -0.00243845    0.999974
T_c_r_estimated_.log()   0.0101962
 -0.0101618
 -0.0263714
-0.00248513
-0.00680513
 -0.0136909
VO costs time: 0.064591
good matches: 306
pnp inliers: 306
Translation:
-0.000772349 -8.74008e-06   -0.0151131
Rotation matrix:
   0.999833   0.0166099  0.00766232
 -0.0165281    0.999807  -0.0106192
-0.00783723   0.0104908    0.999914
T_c_r_estimated_.log() -0.000713469
-9.47476e-05
  -0.0151158
   0.0105558
  0.00775035
  -0.0165702
VO costs time: 0.134803
good matches: 292
pnp inliers: 292
Translation:
 0.0107766  0.0017039 -0.0021447
Rotation matrix:
   0.999792   0.0196074 -0.00569044
 -0.0196367    0.999794  -0.0051511
 0.00558827  0.00526176    0.999971
T_c_r_estimated_.log()   0.0107534
 0.00180395
-0.00217959
 0.00520681
-0.00563977
 -0.0196235
VO costs time: 0.11751
good matches: 230
pnp inliers: 230
Translation:
  0.0206786 2.29919e-05  0.00248865
Rotation matrix:
   0.999818  0.00687455  -0.0177932
-0.00700689    0.999948 -0.00738609
  0.0177415  0.00750942    0.999814
T_c_r_estimated_.log()      0.0207
0.000103825
 0.00230468
 0.00744828
 -0.0177686
-0.00694121
VO costs time: 0.107616
good matches: 284
pnp inliers: 284
Translation:
 0.0094784  0.0038001 0.00470601
Rotation matrix:
   0.999708   0.0222646 -0.00937109
 -0.0224334    0.999581  -0.0183078
 0.00895955   0.0185126    0.999788
T_c_r_estimated_.log()  0.00945682
 0.00394904
 0.00462716
   0.018413
-0.00916673
 -0.0223524
VO costs time: 0.090252
good matches: 249
pnp inliers: 249
Translation:
 0.0162476 0.00273126 0.00967455
Rotation matrix:
    0.99961   0.0263665 -0.00924376
 -0.0264815    0.999571  -0.0125474
 0.00890896   0.0127873    0.999879
T_c_r_estimated_.log()   0.0162541
 0.00300708
 0.00958291
  0.0126693
-0.00907778
 -0.0264281
VO costs time: 0.070905
good matches: 183
pnp inliers: 183
Translation:
  0.0084678 -0.00349778   -0.010838
Rotation matrix:
   0.999755   0.0219977  0.00234582
 -0.0219595    0.999643  -0.0152058
-0.00267948   0.0151505    0.999882
T_c_r_estimated_.log()   0.0085198
-0.00348669
 -0.0108008
    0.01518
 0.00251295
 -0.0219812
VO costs time: 0.06244
good matches: 220
pnp inliers: 220
Translation:
   0.019299 -0.00256636  -0.0140027
Rotation matrix:
  0.999472  0.0259793 -0.0195229
-0.0262518    0.99956  -0.013835
 0.0191548  0.0143402   0.999714
T_c_r_estimated_.log()  0.0191959
-0.0024138
-0.0141713
 0.0140905
-0.0193429
 -0.026121
VO costs time: 0.13123
good matches: 231
pnp inliers: 231
Translation:
 0.0354571 0.00715215 0.00917963
Rotation matrix:
  0.999314  0.0146212 -0.0340325
-0.0151992   0.999744 -0.0167871
 0.0337784  0.0172929    0.99928
T_c_r_estimated_.log()  0.0355548
0.00749317
0.00851586
 0.0170447
-0.0339148
-0.0149143
VO costs time: 0.110214
good matches: 252
pnp inliers: 252
Translation:
  0.0211805   0.0166297 0.000195698
Rotation matrix:
  0.999843  0.0129661 -0.0120818
 -0.013161   0.999782 -0.0162014
 0.0118691  0.0163579   0.999796
T_c_r_estimated_.log()    0.0210722
   0.0167687
-6.66781e-05
   0.0162812
  -0.0119766
  -0.0130648
VO costs time: 0.10536
good matches: 276
pnp inliers: 276
Translation:
  0.0437198 -0.00581188  -0.0114797
Rotation matrix:
   0.999572  0.00954298  -0.0276709
-0.00943486    0.999947  0.00403544
  0.0277079 -0.00377264    0.999609
T_c_r_estimated_.log()   0.0435852
-0.00558182
 -0.0120957
-0.00390461
 -0.0276934
 -0.0094903
VO costs time: 0.097283
good matches: 221
pnp inliers: 221
Translation:
   0.0133718   0.00591941 -0.000662977
Rotation matrix:
   0.999338   0.0362556 -0.00312801
 -0.0362813    0.999305 -0.00857809
 0.00281483   0.0086859    0.999958
T_c_r_estimated_.log()     0.013262
  0.00615837
-0.000708694
  0.00863401
 -0.00297211
  -0.0362769
VO costs time: 0.07852
good matches: 243
pnp inliers: 243
Translation:
 0.0181932 0.00387394 0.00847892
Rotation matrix:
   0.999162   0.0408958  0.00151534
 -0.0408918     0.99916 -0.00256209
-0.00161884  0.00249798    0.999996
T_c_r_estimated_.log()  0.0181047
0.00425619
0.00848809
0.00253075
0.00156753
-0.0409053
VO costs time: 0.064552
good matches: 244
pnp inliers: 244
Translation:
0.00105405 0.00659854  0.0186064
Rotation matrix:
  0.999323  0.0330265  0.0162291
-0.0329197   0.999435 -0.0068058
-0.0164447 0.00626693   0.999845
T_c_r_estimated_.log() 0.000792827
  0.0066753
  0.0185927
 0.00653789
  0.0163407
 -0.0329808
VO costs time: 0.128704
good matches: 258
pnp inliers: 258
Translation:
-0.00346826  -0.0192705  -0.0580166
Rotation matrix:
  0.998517  0.0503672   0.020648
-0.0507312   0.998559  0.0175017
-0.0197368 -0.0185233   0.999634
T_c_r_estimated_.log() -0.00239783
 -0.0188257
 -0.0582204
 -0.0180224
  0.0202035
 -0.0505769
VO costs time: 0.111047
good matches: 236
pnp inliers: 236
Translation:
 0.0385672 0.00514266 0.00515113
Rotation matrix:
   0.999709    0.001414  -0.0240641
-0.00123929    0.999973  0.00727359
  0.0240738 -0.00724165    0.999684
T_c_r_estimated_.log()    0.038624
  0.0051501
 0.00470538
-0.00725839
 -0.0240715
-0.00132679
VO costs time: 0.105696
good matches: 270
pnp inliers: 270
Translation:
  0.0132353 -0.00255118 -0.00407143
Rotation matrix:
    0.999998  -0.00199981 -0.000458109
  0.00200511     0.999928     0.011873
 0.000434332   -0.0118739     0.999929
T_c_r_estimated_.log()    0.0132319
 -0.00254022
  -0.0040895
  -0.0118737
-0.000446231
  0.00200251
VO costs time: 0.089529
good matches: 298
pnp inliers: 298
Translation:
-0.0172761  0.0134838  0.0132196
Rotation matrix:
   0.999855  -0.0125467   0.0115366
  0.0126006     0.99991 -0.00461396
 -0.0114777  0.00475866    0.999923
T_c_r_estimated_.log() -0.0172668
 0.0136233
 0.0130885
0.00468655
 0.0115078
 0.0125743
VO costs time: 0.073124
good matches: 280
pnp inliers: 280
Translation:
0.0237878 0.0190922 0.0187454
Rotation matrix:
   0.999763 -0.00866679  -0.0199843
 0.00843866    0.999899  -0.0114717
  0.0200817   0.0113004    0.999734
T_c_r_estimated_.log()  0.0240561
 0.0190961
 0.0183974
 0.0113872
 -0.020035
0.00855358
VO costs time: 0.067155
good matches: 232
pnp inliers: 232
Translation:
0.00197738 0.00829458 0.00345469
Rotation matrix:
     0.99996   0.00882004  -0.00124389
 -0.00882071     0.999961 -0.000533001
  0.00123914  0.000543952     0.999999
T_c_r_estimated_.log()  0.00194292
 0.00830418
 0.00345123
0.000538483
-0.00124153
 -0.0088205
VO costs time: 0.128738
good matches: 270
pnp inliers: 270
Translation:
  0.0262552 -0.00596157  0.00491258
Rotation matrix:
   0.999864 -0.00352428  -0.0161367
 0.00375328    0.999892   0.0141829
   0.016085  -0.0142415    0.999769
T_c_r_estimated_.log()   0.0262832
-0.00604367
 0.00465842
 -0.0142133
 -0.0161122
 0.00363907
VO costs time: 0.114645
good matches: 315
pnp inliers: 315
Translation:
 0.0213543 0.00654133   0.015659
Rotation matrix:
    0.99996 -0.00072955 -0.00894863
0.000717525    0.999999 -0.00134692
  0.0089496  0.00134044    0.999959
T_c_r_estimated_.log()   0.0214266
  0.0065441
  0.0155589
  0.0013437
-0.00894923
0.000723548
VO costs time: 0.100773
good matches: 327
pnp inliers: 327
Translation:
-0.00148214   0.0133265 -0.00112133
Rotation matrix:
   0.999909   0.0104808  0.00844396
  -0.010426    0.999924 -0.00651441
 -0.0085116  0.00642578    0.999943
T_c_r_estimated_.log() -0.00154695
   0.013315
 -0.0011708
 0.00647034
 0.00847809
 -0.0104538
VO costs time: 0.095848
good matches: 286
pnp inliers: 286
Translation:
  0.0163105  0.00250113 -0.00577056
Rotation matrix:
    0.99994 -0.00577593 -0.00934534
 0.00579355    0.999981  0.00185961
 0.00933443 -0.00191364    0.999955
T_c_r_estimated_.log()   0.0162906
 0.00245944
-0.00584435
-0.00188666
-0.00934008
 0.00578486
VO costs time: 0.068536
good matches: 275
pnp inliers: 275
Translation:
  0.0318168  -0.0170096 -0.00159484
Rotation matrix:
  0.999453 -0.0230123 -0.0237337
 0.0234136   0.999585  0.0167694
 0.0233379  -0.017316   0.999578
T_c_r_estimated_.log()   0.0315971
 -0.0173631
-0.00211449
 -0.0170466
 -0.0235412
  0.0232183
VO costs time: 0.528538
good matches: 295
pnp inliers: 295
Translation:
 0.00913938  0.00822781 -0.00398379
Rotation matrix:
   0.999948 -0.00593301  -0.0082566
 0.00587639    0.999959 -0.00686478
 0.00829699   0.0068159    0.999942
T_c_r_estimated_.log()  0.00914706
 0.00818712
-0.00404972
 0.00684051
  -0.008277
 0.00590485
VO costs time: 0.085565
good matches: 200
pnp inliers: 200
Translation:
 -0.0377452 -0.00832491 -0.00627539
Rotation matrix:
  0.999257  0.0277421  0.0267735
 -0.027598   0.999603 -0.0057368
 -0.026922 0.00499364   0.999625
T_c_r_estimated_.log()  -0.0375411
 -0.0088636
-0.00675849
 0.00536658
  0.0268545
 -0.0276771
VO costs time: 0.080412
good matches: 248
pnp inliers: 248
Translation:
0.0496382 0.0386416 0.0271142
Rotation matrix:
  0.999147 -0.0161508 -0.0379949
 0.0144087   0.998852 -0.0456878
 0.0386892  0.0451014   0.998233
T_c_r_estimated_.log()  0.0504426
  0.038862
 0.0252774
 0.0454231
-0.0383662
 0.0152894
VO costs time: 0.121817
good matches: 258
pnp inliers: 258
Translation:
 0.00834014  0.00686826 -0.00357115
Rotation matrix:
   0.999919  -0.0115166 -0.00535012
  0.0114612    0.999881    -0.01028
 0.00546787   0.0102178    0.999933
T_c_r_estimated_.log()  0.00836976
  0.0068019
-0.00362881
  0.0102494
-0.00540924
  0.0114894
VO costs time: 0.07582
good matches: 287
pnp inliers: 287
Translation:
-0.00105967   0.0112789 -0.00698461
Rotation matrix:
    0.999999   0.00135898  0.000915292
 -0.00135156     0.999967  -0.00805733
-0.000926211   0.00805608     0.999967
T_c_r_estimated_.log() -0.00106409
    0.01125
 -0.0070305
  0.0080568
0.000920762
-0.00135528
VO costs time: 0.097969
good matches: 250
pnp inliers: 250
Translation:
 0.00190994   0.0100547 -0.00366412
Rotation matrix:
   0.999982   0.0044916 -0.00406395
-0.00451761    0.999969 -0.00641469
 0.00403501  0.00643293    0.999971
T_c_r_estimated_.log()  0.00187985
  0.0100472
-0.00370025
 0.00642389
-0.00404953
-0.00450467
VO costs time: 0.231452
good matches: 226
pnp inliers: 226
Translation:
 -0.028783 0.00803384 -0.0304577
Rotation matrix:
   0.999641   0.0226684   0.0143141
 -0.0228013    0.999698  0.00919151
 -0.0141014 -0.00951459    0.999855
T_c_r_estimated_.log() -0.0286568
 0.0078498
-0.0306246
-0.0093543
 0.0142097
-0.0227379
VO costs time: 0.072438
good matches: 222
pnp inliers: 222
Translation:
0.00828658 0.00212784  0.0102269
Rotation matrix:
   0.999762  0.00817308   -0.020203
-0.00807507    0.999955    0.004928
  0.0202423 -0.00476369    0.999784
T_c_r_estimated_.log()  0.00838107
 0.00213691
   0.010148
-0.00484624
 -0.0202243
-0.00812475
VO costs time: 0.107803
good matches: 229
pnp inliers: 229
Translation:
 0.0167986  0.0161981 -0.0259806
Rotation matrix:
    0.998903    0.0147844   -0.0444386
  -0.0147681     0.999891  0.000693977
    0.044444 -3.69397e-05     0.999012
T_c_r_estimated_.log()    0.0160983
   0.0163253
  -0.0263459
-0.000365592
  -0.0444576
  -0.0147817
VO costs time: 0.091734
good matches: 299
pnp inliers: 299
Translation:
-0.00674016   0.0114056 -0.00534575
Rotation matrix:
   0.999836   0.0157238 -0.00903439
 -0.0156944    0.999871  0.00331682
 0.00908538 -0.00317449    0.999954
T_c_r_estimated_.log() -0.00685378
   0.011361
-0.00529656
-0.00324584
 -0.0090604
   -0.01571
VO costs time: 0.169465
good matches: 269
pnp inliers: 269
Translation:
-0.00444444  -0.0148222  -0.0466499
Rotation matrix:
  0.999188  0.0148017 -0.0374762
-0.0137495   0.999508   0.028181
 0.0378749 -0.0276428     0.9989
T_c_r_estimated_.log() -0.00521998
 -0.0142039
 -0.0467654
 -0.0279231
 -0.0376907
 -0.0142813
VO costs time: 0.065036
good matches: 215
pnp inliers: 215
Translation:
 0.0365555 0.00369358  0.0119648
Rotation matrix:
  0.999039 0.00527388 -0.0435166
-0.0047889   0.999925  0.0112414
 0.0435726 -0.0110222   0.998989
T_c_r_estimated_.log()   0.0368012
 0.00372061
  0.0111874
 -0.0111356
 -0.0435595
-0.00503311
VO costs time: 0.134259
good matches: 217
pnp inliers: 217
Translation:
 0.0369846 -0.0236097 -0.0344571
Rotation matrix:
   0.999458   0.0274719  -0.0181173
 -0.0273824    0.999612  0.00516742
  0.0182522 -0.00466853    0.999823
T_c_r_estimated_.log()   0.0369912
 -0.0230173
 -0.0348511
-0.00491889
 -0.0181881
 -0.0274322
VO costs time: 0.131426
good matches: 264
pnp inliers: 264
Translation:
-0.00112977    0.007909  -0.0241197
Rotation matrix:
  0.999728  0.0180311  0.0147727
 -0.017795   0.999714 -0.0159599
-0.0150563  0.0156927   0.999763
T_c_r_estimated_.log() -0.00101995
 0.00770813
 -0.0241899
  0.0158284
  0.0149165
 -0.0179154
VO costs time: 0.102123
good matches: 212
pnp inliers: 212
Translation:
-0.00326384   0.0120784  -0.0176446
Rotation matrix:
  0.999766   0.019703 0.00892728
-0.0196012   0.999743 -0.0113493
-0.0091486  0.0111717   0.999896
T_c_r_estimated_.log() -0.00330224
  0.0119466
 -0.0177271
  0.0112616
 0.00903884
 -0.0196541
VO costs time: 0.091133
good matches: 136
pnp inliers: 136
Translation:
 0.0166957  0.0117886 -0.0132041
Rotation matrix:
  0.999788  0.0149949 -0.0140883
-0.0155605   0.999041 -0.0409307
  0.013461  0.0411413   0.999063
T_c_r_estimated_.log()  0.0165142
 0.0116422
-0.0135597
 0.0410504
-0.0137795
-0.0152831
VO costs time: 0.069234
good matches: 73
pnp inliers: 73
Translation:
   0.013885 -0.00197843  -0.0475956
Rotation matrix:
  0.999687  0.0242249 -0.0062809
-0.0242892   0.999651 -0.0103774
0.00602732  0.0105267   0.999926
T_c_r_estimated_.log()   0.0137628
-0.00205932
 -0.0476277
  0.0104533
-0.00615486
   -0.02426
VO costs time: 0.066456
good matches: 206
pnp inliers: 206
Translation:
-0.0140385 -0.0038151 -0.0446915
Rotation matrix:
   0.999252   0.0283172   0.0263377
 -0.0280953    0.999567 -0.00875801
 -0.0265743   0.0080115    0.999615
T_c_r_estimated_.log()  -0.0133908
-0.00419776
 -0.0448579
 0.00838694
  0.0264629
 -0.0282136
VO costs time: 0.059025
good matches: 132
pnp inliers: 132
Translation:
  0.0506879   0.0130852 -0.00779247
Rotation matrix:
    0.999716    0.0238139  0.000494176
  -0.0238089     0.999681  -0.00841648
-0.000694447   0.00840233     0.999964
T_c_r_estimated_.log()   0.0505321
  0.0136553
-0.00783324
  0.0084103
0.000594374
 -0.0238139
VO costs time: 0.12367
good matches: 135
pnp inliers: 135
Translation:
0.00300219 -0.0219396 -0.0141039
Rotation matrix:
  0.999752  0.0173021  0.0140279
-0.0174554   0.999788  0.0108772
-0.0138367 -0.0111193   0.999842
T_c_r_estimated_.log() 0.00329104
-0.0218349
-0.0142028
-0.0109994
 0.0139337
-0.0173806
VO costs time: 0.102522
good matches: 168
pnp inliers: 168
Translation:
 0.0124526  0.0757727 0.00256391
Rotation matrix:
   0.999398   0.0345989  0.00242225
 -0.0342667     0.99577  -0.0852502
-0.00536157   0.0851159    0.996357
T_c_r_estimated_.log()    0.0111415
   0.0760436
-0.000649123
   0.0853036
  0.00389742
  -0.0344815
VO costs time: 0.101165
good matches: 255
pnp inliers: 255
Translation:
0.00039708 -0.0215238 -0.0161671
Rotation matrix:
    0.99992   0.0123877 -0.00257297
 -0.0123087    0.999511    0.028728
 0.00292758   -0.028694    0.999584
T_c_r_estimated_.log() 0.000507131
 -0.0212875
 -0.0164756
 -0.0287157
-0.00275073
 -0.0123503
VO costs time: 0.080386
good matches: 167
pnp inliers: 167
Translation:
  0.021185 -0.0341903 -0.0191864
Rotation matrix:
   0.999767  0.00199585   -0.021475
-0.00149302    0.999725   0.0234053
  0.0215158  -0.0233678    0.999495
T_c_r_estimated_.log()   0.0210063
 -0.0339451
 -0.0198124
 -0.0233905
  -0.021499
-0.00174473
VO costs time: 0.064928
good matches: 227
pnp inliers: 227
Translation:
  0.0158057  0.00475915 -0.00682595
Rotation matrix:
  0.999901 0.00724983 -0.0120627
-0.0074838   0.999783 -0.0194655
  0.011919  0.0195539   0.999738
T_c_r_estimated_.log()   0.0157469
 0.00475025
-0.00696701
  0.0195116
  -0.011992
-0.00736753
VO costs time: 0.144107
good matches: 249
pnp inliers: 249
Translation:
 0.0300932 0.00147495  0.0127713
Rotation matrix:
   0.999507 -0.00848294  -0.0302335
 0.00844919    0.999964 -0.00124375
  0.0302429 0.000987689    0.999542
T_c_r_estimated_.log()  0.0302901
 0.0013543
 0.0123145
 0.0011159
-0.0302432
0.00846746
VO costs time: 0.108404
good matches: 191
pnp inliers: 191
Translation:
  0.0122355 -0.00235552  -0.0122282
Rotation matrix:
   0.999542   0.0287307 -0.00948111
 -0.0290033     0.99913  -0.0299834
 0.00861142   0.0302447    0.999505
T_c_r_estimated_.log()   0.0122142
-0.00236324
  -0.012248
  0.0301232
-0.00904901
 -0.0288758
VO costs time: 0.10674
good matches: 257
pnp inliers: 257
Translation:
 0.0100865  0.0102988 0.00483753
Rotation matrix:
  0.999841  0.0138489 -0.0112397
-0.0139879   0.999825 -0.0123841
 0.0110662  0.0125394    0.99986
T_c_r_estimated_.log()  0.0100414
 0.0103988
0.00471698
 0.0124627
-0.0111538
-0.0139195
VO costs time: 0.09279
good matches: 212
pnp inliers: 212
Translation:
  0.0340642 -0.00596753   0.0148932
Rotation matrix:
   0.998832   0.0276196  -0.0396403
 -0.0273773    0.999603  0.00664261
  0.0398081 -0.00554961    0.999192
T_c_r_estimated_.log()   0.0344356
-0.00554196
   0.014196
-0.00609852
 -0.0397399
 -0.0275093
VO costs time: 0.081174
good matches: 268
pnp inliers: 268
Translation:
 -0.027689   0.026343 0.00957784
Rotation matrix:
   0.999803  0.00728333   0.0184513
-0.00672168    0.999518  -0.0303207
 -0.0186633   0.0301907     0.99937
T_c_r_estimated_.log()  -0.0278681
  0.0263874
 0.00892147
  0.0302623
  0.0185614
-0.00700403
VO costs time: 0.148114
good matches: 194
pnp inliers: 194
Translation:
 0.0143935 -0.0262791 0.00716635
Rotation matrix:
  0.999649  0.0153763 -0.0215761
-0.0143415   0.998777  0.0473226
 0.0222774 -0.0469965   0.998647
T_c_r_estimated_.log()  0.0146648
-0.0263344
0.00638702
-0.0471826
-0.0219374
-0.0148662
VO costs time: 0.132069
good matches: 235
pnp inliers: 235
Translation:
   0.0128882 -0.000772159    0.0110536
Rotation matrix:
   0.999716   0.0121084  -0.0205391
 -0.0120681    0.999925  0.00208537
  0.0205628 -0.00183691    0.999787
T_c_r_estimated_.log()    0.0130059
-0.000704812
     0.01092
 -0.00196132
  -0.0205529
  -0.0120894
VO costs time: 0.115786
good matches: 196
pnp inliers: 196
Translation:
  0.0373924 -0.00863148    0.020885
Rotation matrix:
  0.998247  0.0283316 -0.0519579
-0.0271372   0.999354  0.0235523
 0.0525916  -0.022101   0.998372
T_c_r_estimated_.log()   0.0380477
-0.00834395
  0.0198037
  -0.022842
 -0.0523099
  -0.027753
VO costs time: 0.108242
good matches: 217
pnp inliers: 217
Translation:
 0.0263425 0.00107483  0.0125349
Rotation matrix:
   0.999511   0.0139729  -0.0279738
 -0.0139334    0.999902  0.00160552
  0.0279935 -0.00121497    0.999607
T_c_r_estimated_.log()   0.0265083
 0.00125028
  0.0121662
-0.00141048
 -0.0279883
 -0.0139555
VO costs time: 0.0928
good matches: 249
pnp inliers: 249
Translation:
 0.0256965 -0.0234059  0.0201962
Rotation matrix:
   0.999865    0.013651 -0.00918257
 -0.0133755    0.999478   0.0294179
 0.00957935  -0.0292911    0.999525
T_c_r_estimated_.log()    0.025949
 -0.0235259
   0.019731
   -0.02936
-0.00938273
 -0.0135158
VO costs time: 0.080023
good matches: 276
pnp inliers: 276
Translation:
 0.0182642 0.00150483  0.0178014
Rotation matrix:
   0.999899  0.00720981  -0.0122293
-0.00710775     0.99994  0.00836846
  0.0122889 -0.00828069     0.99989
T_c_r_estimated_.log()   0.0183677
 0.00149638
  0.0176955
-0.00832495
 -0.0122596
 -0.0071591
VO costs time: 0.145724
good matches: 301
pnp inliers: 301
Translation:
 0.0174155 -0.0180721 0.00917993
Rotation matrix:
  0.999885 0.00463958 -0.0144614
-0.0042701   0.999666  0.0254763
 0.0145748 -0.0254116   0.999571
T_c_r_estimated_.log()   0.0175216
 -0.0181485
 0.00882295
 -0.0254476
 -0.0145202
-0.00445549
VO costs time: 0.13121
good matches: 271
pnp inliers: 271
Translation:
  0.0144034 -0.00253283   0.0105012
Rotation matrix:
   0.999906  0.00976911 -0.00957984
-0.00969673    0.999924  0.00757227
 0.00965309 -0.00747866    0.999925
T_c_r_estimated_.log()   0.0144661
-0.00250204
  0.0104223
-0.00752577
-0.00961685
-0.00973331
VO costs time: 0.120273
good matches: 260
pnp inliers: 260
Translation:
0.00737138 0.00238994  0.0028328
Rotation matrix:
    0.999964   0.00850257 -0.000149269
 -0.00850222     0.999961   0.00217062
 0.000167719  -0.00216927     0.999998
T_c_r_estimated_.log()   0.00736141
  0.00241818
  0.00283482
 -0.00216997
-0.000158496
  -0.0085025
VO costs time: 0.106378
good matches: 238
pnp inliers: 238
Translation:
  0.0112053 -0.00497948   0.0113005
Rotation matrix:
   0.999931   0.0116403 -0.00157577
 -0.0116241    0.999883  0.00997155
 0.00169166 -0.00995254    0.999949
T_c_r_estimated_.log()   0.0112434
-0.00497047
  0.0112665
-0.00996244
-0.00163378
 -0.0116327
VO costs time: 0.090596
good matches: 259
pnp inliers: 259
Translation:
 0.0172395 0.00661816  0.0116732
Rotation matrix:
   0.999974  0.00438018 -0.00580624
-0.00447441    0.999857  -0.0163169
 0.00573393   0.0163425     0.99985
T_c_r_estimated_.log()   0.0172583
 0.00675138
  0.0115691
  0.0163306
-0.00577039
-0.00442753
VO costs time: 0.081806
good matches: 248
pnp inliers: 248
Translation:
-0.0149685  0.0324889  0.0218914
Rotation matrix:
  0.999801 -0.0102255  0.0171473
 0.0106226   0.999674 -0.0232317
-0.0169041  0.0234092   0.999583
T_c_r_estimated_.log() -0.0149835
 0.0328203
 0.0213838
 0.0233241
 0.0170284
 0.0104257
VO costs time: 0.149295
good matches: 284
pnp inliers: 284
Translation:
0.00709666  0.0035636 0.00726152
Rotation matrix:
    0.999999 -0.000447319   0.00113743
 0.000438745     0.999972   0.00752689
 -0.00114077  -0.00752638     0.999971
T_c_r_estimated_.log()  0.00709331
 0.00353468
 0.00727893
-0.00752671
 0.00113911
0.000443036
VO costs time: 0.133729
good matches: 183
pnp inliers: 183
Translation:
0.0125344 0.0360561 0.0358241
Rotation matrix:
    0.999984 -0.000397459  -0.00566813
 0.000356482     0.999974  -0.00722853
  0.00567086   0.00722639     0.999958
T_c_r_estimated_.log()   0.0126426
   0.036183
  0.0356581
 0.00722756
-0.00566958
0.000376976
VO costs time: 0.119635
good matches: 177
pnp inliers: 177
Translation:
 0.0258122 -0.0257654  0.0164821
Rotation matrix:
   0.999646 -0.00697512  -0.0256905
 0.00807661    0.999041   0.0430245
  0.0253657  -0.0432167    0.998744
T_c_r_estimated_.log()  0.0259213
-0.0262119
  0.015593
-0.0431391
 -0.025539
0.00752909
VO costs time: 0.106871
good matches: 256
pnp inliers: 256
Translation:
 0.0112758 -0.0060324 0.00881673
Rotation matrix:
   0.999875 9.89874e-06  -0.0158241
0.000204823    0.999908   0.0135676
  0.0158228  -0.0135692    0.999783
T_c_r_estimated_.log()   0.0113449
-0.00609247
 0.00868626
 -0.0135694
 -0.0158246
9.74694e-05
VO costs time: 0.090701
good matches: 140
